307713   -4741.691   -1195.485   633.163
307716   -6389.677   -1199.470   -3348.486
307722   -2847.054   -1175.306   -5729.321
307709   -7916.452   -1235.161   4355.907
307705   -12340.293   -1250.309   7081.008
307703   2011.939   -1089.048   11901.595
307707   3132.202   1099.109   6441.056
307714   4568.450   1295.071   -1039.111
307723   6032.998   985.586   -8509.213
307701   -12776.553   622.196   10831.576
307711   -18284.070   1147.775   2052.190
307702   -5605.688   1210.932   12196.988
307708   791.990   -1201.760   5876.381
307715   2288.214   -1182.002   -1535.532
TSU_DN_A   -2263.830   271.488   3110.941
TSU_DN_D   -2423.310   -24.551   2861.699
TSUN02_17A   -681.170   624.433   1933.100
TSUN02_15A   -153.824   624.775   993.694
TSUN01-0.500_13A   -136.036   612.494   941.414
TSUN01-0.500_12A   -31.214   612.642   454.524
TSUN03_11A   -23.021   625.262   399.919
TSUN03_8A   -94.833   625.504   -674.316
TSUN04_7A   -105.231   625.253   -718.080
TSUN04_6A   -272.576   625.399   -1177.258
TSUN06_3A   -526.183   625.222   -1631.612
TSUN06_1A   -631.287   587.704   -1797.529
TSUN06_1B   -1128.277   0.179   -1483.241
TSUN04_4B   -997.153   0.269   -1206.475
TSUN03_8B   -702.312   -0.024   -525.508
TSUN01-0.500_12B   -637.242   -0.391   366.514
TSUN02_15B   -744.770   -0.406   788.467
TSU_UP_A   -1255.604   224.681   -2453.737
TSU_UP_B   -1378.760   -33.286   -2374.373
TSUN02_17B   -1152.093   -0.774   1521.408
TSUN02_16B   -927.894   -0.806   1192.590
TSUN02_14B   -905.331   -0.701   1153.843
TSUN03_11B   -641.774   0.071   310.064
TSUN03_9B   -635.087   0.067   -133.260
TSUN04_7B   -712.830   0.181   -569.246
TSUN04_6B   -842.976   0.187   -920.678
TSUN04_5B   -886.923   0.138   -1018.910
TSUN06_3B   -1054.956   0.131   -1297.120
TSUN06_2B   -1104.152   0.132   -1445.321
TSUN06_2A   -607.232   587.534   -1759.721
TSUN04_4A   -468.688   624.697   -1540.459
TSUN03_9A   -10.379   625.436   -163.352
TSUN02_14A   -364.575   624.637   1468.030
TSUN02_16A   -387.341   624.271   1506.709
TSUN02_16C   -387.383   -626.108   1506.405
TSUN02_14C   -364.601   -626.088   1467.716
TSUN02_15C   -154.006   -625.837   993.378
TSUN03_11C   -23.014   -625.327   399.637
TSUN03_10C   -8.193   -625.268   -118.326
TSUN03_9C   -10.589   -625.494   -163.249
TSUN03_8C   -94.778   -625.555   -674.162
TSUN04_7C   -105.718   -625.415   -717.805
TSUN06_3C   -526.703   -625.553   -1631.246
TSUN06_2C   -607.708   -587.878   -1759.376
TSUN06_1C   -631.629   -587.880   -1797.243
TSUN01-0.500_13B   -714.738   -0.264   740.347
TSUN01-0.500_12C   -30.398   -612.742   454.408
TSUN03_10B   -632.845   -0.088   -88.365
TSUN03_10A   -8.368   625.361   -118.372
TSUN04_4C   -469.320   -624.775   -1540.335
TSUN04_5C   -317.033   -624.960   -1275.084
TSUN04_6C   -272.799   -625.194   -1177.072
TSUN06_1D   -164.628   200.821   -2092.656
TSUN06_2D   -140.541   200.624   -2054.748
TSUN06_3D   -29.643   213.433   -1945.554
TSUN04_4D   27.471   213.386   -1854.373
TSUN04_5D   219.155   213.578   -1516.189
TSUN04_6D   263.286   213.860   -1418.111
TSUN04_7D   465.381   213.483   -857.649
TSUN03_8D   476.049   213.898   -813.975
TSUN03_9D   576.547   213.795   -191.439
TSUN03_10D   578.599   213.964   -146.539
TSUN03_11D   558.343   213.813   484.127
TSUN02_15D   401.139   213.217   1186.221
TSUN02_14D   143.390   213.045   1763.050
TSUN02_16D   120.850   212.812   1801.756
TSUN04_5A   -316.558   624.930   -1275.278
TSUN01-0.500_12D   538.804   209.777   537.138
TSU_UP_E   -999.452   220.727   -2619.116
TSU_UP_D   -881.952   -24.033   -2694.669
TSUN01-0.500_13C   -135.938   -612.470   941.298
TSUN01-0.500_13D   407.715   209.517   1130.274
TSUN02_17D   -238.891   212.715   2319.573
TSU_UP_F   -832.359   194.533   -2073.175
TSU_UP_H   -671.767   -136.675   -2182.388
TSU_UP_G   -991.242   -137.646   -1964.349
TSU_DN_B   -2107.393   -17.150   3357.228
TSU_DN_G   -1782.136   -140.785   2580.686
TSU_DN_E   -1676.276   196.900   2728.282
TSU_DN_F   -1564.745   -136.312   2892.331
