307713   -852.546   -1195.122   -3413.963
307716   -117.858   -1200.498   -7660.091
307722   4148.796   -1177.027   -7779.452
307709   -5525.336   -1233.641   -1963.770
307705   -10720.805   -1248.006   -2024.312
307703   -1165.459   -1084.687   9719.594
307707   2699.707   1101.666   5702.025
307714   7910.874   1295.153   146.810
307723   13140.504   983.197   -5384.624
307701   -13093.440   625.749   912.184
307711   -13057.208   1148.205   -9451.808
307702   -7761.779   1215.162   5897.988
307708   1023.022   -1199.465   3974.896
307715   6248.384   -1182.156   -1490.526
TSU_DN_A   -81.938   272.760   4.030
TSU_DN_D   -83.598   -23.368   -291.774
TSUN02_17A   1885.263   625.356   -145.932
TSUN02_15A   2832.990   625.399   -658.173
TSUN01-0.500_13A   2875.960   613.100   -692.853
TSUN01-0.500_12A   3224.739   613.087   -1048.386
TSUN03_11A   3260.845   625.689   -1090.167
TSUN03_8A   3774.180   625.567   -2036.542
TSUN04_7A   3788.777   625.302   -2079.090
TSUN04_6A   3892.696   625.287   -2556.635
TSUN06_3A   3921.125   624.950   -3076.199
TSUN06_1A   3920.940   587.373   -3272.593
TSUN06_1B   3332.822   -0.061   -3272.337
TSUN04_4B   3295.761   0.126   -2968.331
TSUN03_8B   3181.091   0.071   -2235.189
TSUN01-0.500_12B   2759.426   0.007   -1446.433
TSUN02_15B   2443.060   0.130   -1147.235
TSU_UP_A   3743.832   224.110   -4160.759
TSU_UP_B   3597.285   -33.833   -4159.408
TSUN02_17B   1707.111   -0.004   -745.373
TSUN02_16B   2072.325   -0.139   -903.503
TSUN02_14B   2112.102   -0.047   -924.198
TSUN03_11B   2785.761   0.449   -1496.570
TSUN03_9B   3028.310   0.296   -1867.717
TSUN04_7B   3195.573   0.261   -2277.779
TSUN04_6B   3273.360   0.145   -2644.374
TSUN04_5B   3288.705   0.062   -2750.889
TSUN06_3B   3295.340   -0.045   -3075.837
TSUN06_2B   3332.951   -0.095   -3227.393
TSUN06_2A   3921.069   587.216   -3227.781
TSUN04_4A   3921.014   624.457   -2968.427
TSUN03_9A   3572.523   625.674   -1559.518
TSUN02_14A   2401.383   625.414   -369.857
TSUN02_16A   2361.472   625.060   -349.328
TSUN02_16C   2361.405   -625.319   -349.232
TSUN02_14C   2401.336   -625.311   -369.760
TSUN02_15C   2832.813   -625.213   -658.161
TSUN03_11C   3260.809   -624.900   -1090.026
TSUN03_10C   3550.117   -625.015   -1519.916
TSUN03_9C   3572.098   -625.256   -1559.167
TSUN03_8C   3773.951   -625.492   -2036.006
TSUN04_7C   3788.024   -625.367   -2078.741
TSUN06_3C   3920.297   -625.825   -3075.790
TSUN06_2C   3920.302   -588.195   -3227.390
TSUN06_1C   3920.317   -588.211   -3272.180
TSUN01-0.500_13B   2494.159   0.257   -1171.860
TSUN01-0.500_12C   3225.301   -612.296   -1047.679
TSUN03_10B   3006.214   0.157   -1828.572
TSUN03_10A   3550.188   625.614   -1520.424
TSUN04_4C   3920.221   -625.014   -2968.284
TSUN04_5C   3907.201   -625.106   -2662.703
TSUN04_6C   3892.216   -625.305   -2556.221
TSUN06_1D   4473.031   200.405   -3272.567
TSUN06_2D   4473.134   200.221   -3227.654
TSUN06_3D   4508.524   213.071   -3076.101
TSUN04_4D   4508.076   213.056   -2968.510
TSUN04_5D   4489.384   213.368   -2580.230
TSUN04_6D   4474.276   213.684   -2473.747
TSUN04_7D   4345.605   213.502   -1892.022
TSUN03_8D   4331.285   213.931   -1849.406
TSUN03_9D   4083.570   214.042   -1269.502
TSUN03_10D   4061.311   214.226   -1230.454
TSUN03_11D   3707.184   214.287   -708.205
TSUN02_15D   3199.131   213.921   -198.762
TSUN02_14D   2673.030   213.936   151.073
TSUN02_16D   2633.296   213.715   171.745
TSUN04_5A   3907.899   624.784   -2662.989
TSUN01-0.500_12D   3662.340   210.268   -673.837
TSU_UP_E   4048.718   220.108   -4163.666
TSU_UP_D   4188.371   -24.673   -4164.666
TSUN01-0.500_13C   2875.916   -611.864   -692.531
TSUN01-0.500_13D   3234.585   210.203   -242.536
TSUN02_17D   2052.520   213.782   417.199
TSU_UP_F   3898.218   194.103   -3612.911
TSU_UP_H   4092.268   -137.136   -3619.309
TSU_UP_G   3705.718   -138.044   -3605.727
TSU_DN_B   -81.360   -15.790   295.886
TSU_DN_G   608.502   -139.676   -186.645
TSU_DN_E   619.163   198.061   -5.423
TSU_DN_F   625.721   -135.092   192.939
