307713   30953763.976   31339933.720   226498.287
307716   30955778.953   31343742.815   226490.304
307722   30959872.411   31342533.386   226494.304
307709   30948871.708   31340003.849   226480.860
307705   30943951.035   31341672.280   226490.240
307703   30949394.861   31327544.239   226607.837
307707   30954324.548   31330161.965   228777.218
307714   30961002.095   31333827.391   228947.875
307723   30967687.654   31337465.284   228613.007
307701   30940792.915   31339613.162   228374.296
307711   30944042.988   31349454.348   228898.408
307702   30944318.441   31333219.052   228938.468
307708   30953256.141   31332327.479   226484.075
307715   30959918.586   31335903.415   226478.476
TSU_DN_A   30953443.137   31336442.918   227962.031
TSU_DN_D   30953532.003   31336725.128   227665.967
TSUN02_17A   30955361.382   31335975.002   228305.663
TSUN02_15A   30956421.217   31336168.157   228301.467
TSUN01-0.500_13A   30956472.769   31336187.825   228288.978
TSUN01-0.500_12A   30956914.590   31336417.699   228287.435
TSUN03_11A   30956961.925   31336446.206   228299.879
TSUN03_8A   30957743.383   31337186.784   228297.579
TSUN04_7A   30957770.451   31337222.710   228297.254
TSUN04_6A   30958017.313   31337644.502   228296.849
TSUN06_3A   30958205.432   31338129.646   228296.473
TSUN06_1A   30958265.987   31338316.479   228258.932
TSUN06_1B   30957704.259   31338499.512   227674.191
TSUN04_4B   30957574.768   31338221.978   227674.494
TSUN03_8B   30957238.437   31337560.519   227674.833
TSUN01-0.500_12B   30956592.999   31336941.370   227676.556
TSUN02_15B   30956199.461   31336755.005   227678.072
TSU_UP_A   30958371.430   31339216.363   227896.639
TSU_UP_B   30958230.581   31339260.925   227639.367
TSUN02_17B   30955375.188   31336601.128   227681.230
TSUN02_16B   30955771.428   31336638.232   227679.454
TSUN02_14B   30955815.661   31336645.574   227679.368
TSUN03_11B   30956633.583   31336980.871   227676.887
TSUN03_9B   30956979.251   31337258.526   227675.691
TSUN04_7B   30957265.411   31337596.520   227674.965
TSUN04_6B   30957453.027   31337920.931   227674.558
TSUN04_5B   30957500.641   31338017.439   227674.424
TSUN06_3B   30957607.700   31338324.317   227674.344
TSUN06_2B   30957690.447   31338456.743   227674.148
TSUN06_2A   30958252.215   31338273.836   228258.767
TSUN04_4A   30958171.909   31338027.221   228295.962
TSUN03_9A   30957403.764   31336795.792   228298.523
TSUN02_14A   30955921.491   31336027.869   228303.403
TSUN02_16A   30955877.180   31336020.727   228303.227
TSUN02_16C   30955871.725   31336022.636   227052.862
TSUN02_14C   30955916.053   31336029.773   227052.691
TSUN02_15C   30956415.681   31336170.182   227050.869
TSUN03_11C   30956956.484   31336448.064   227049.303
TSUN03_10C   30957364.820   31336767.069   227047.942
TSUN03_9C   30957397.886   31336797.571   227047.608
TSUN03_8C   30957737.635   31337188.327   227046.534
TSUN04_7C   30957764.265   31337224.593   227046.602
TSUN06_3C   30958199.154   31338131.496   227045.715
TSUN06_2C   30958246.324   31338275.564   227083.371
TSUN06_1C   30958260.225   31338318.142   227083.363
TSUN01-0.500_13B   30956255.677   31336762.574   227677.970
TSUN01-0.500_12C   30956909.651   31336418.793   227062.061
TSUN03_10B   30956946.107   31337228.160   227675.646
TSUN03_10A   30957370.408   31336765.550   228298.558
TSUN04_4C   30958165.752   31338029.310   227046.507
TSUN04_5C   30958058.627   31337742.825   227046.422
TSUN04_6C   30958011.365   31337646.237   227046.272
TSUN06_1D   30958789.198   31338145.892   227869.446
TSUN06_2D   30958775.370   31338103.161   227869.254
TSUN06_3D   30958762.081   31337948.083   227881.915
TSUN04_4D   30958728.296   31337845.934   227881.883
TSUN04_5D   30958590.139   31337482.583   227882.212
TSUN04_6D   30958542.761   31337386.032   227882.579
TSUN04_7D   30958240.067   31336872.869   227882.882
TSUN03_8D   30958213.242   31336836.792   227883.369
TSUN03_9D   30957797.936   31336362.271   227884.509
TSUN03_10D   30957764.668   31336332.047   227884.788
TSUN03_11D   30957266.071   31335945.332   227886.375
TSUN02_15D   30956625.105   31335618.517   227888.240
TSUN02_14D   30956016.468   31335449.039   227890.596
TSUN02_16D   30955972.282   31335441.705   227890.554
TSUN04_5A   30958064.740   31337740.901   228296.295
TSUN01-0.500_12D   30957212.765   31335926.568   227882.554
TSU_UP_E   30958662.172   31339124.604   227891.245
TSU_UP_D   30958794.201   31339082.643   227645.828
TSUN01-0.500_13C   30956467.374   31336189.473   227064.027
TSUN01-0.500_13D   30956672.368   31335649.147   227884.368
TSUN02_17D   30955344.029   31335388.417   227893.230
TSU_UP_F   30958348.215   31338647.694   227865.830
TSU_UP_H   30958533.264   31338594.137   227533.709
TSU_UP_G   30958161.551   31338701.075   227534.564
TSU_DN_B   30953351.958   31336165.722   227673.430
TSU_DN_G   30954156.895   31336410.779   227546.479
TSU_DN_E   30954112.290   31336234.647   227884.132
TSU_DN_F   30954055.594   31336044.555   227550.918
