140,  -2192.612386,  -253.710963,  -368.018208,  0.012052,  0.011295,  0.011766,  0.020280,  2.689483e-04,  -5.806021e-06,  -1.387000e-06,  -5.806021e-06,  2.653448e-04,  -1.882667e-06,  -1.387000e-06,  -1.882667e-06,  2.727759e-04
141,  -2153.387301,  -351.936611,  -368.067165,  0.011718,  0.011721,  0.011699,  0.020287,  2.768739e-04,  -7.751748e-06,  -1.786847e-06,  -7.751748e-06,  2.711500e-04,  -2.564441e-06,  -1.786847e-06,  -2.564441e-06,  2.816840e-04
142,  -1944.189682,  -354.703541,  -368.066329,  0.011375,  0.010978,  0.011675,  0.019653,  2.622956e-04,  -3.585677e-06,  -8.257154e-07,  -3.585677e-06,  2.587520e-04,  -1.329046e-06,  -8.257154e-07,  -1.329046e-06,  2.642173e-04
143,  -1908.546116,  -332.132812,  -368.076493,  0.011705,  0.011038,  0.010800,  0.019377,  2.572560e-04,  -2.332864e-06,  -5.415969e-07,  -2.332864e-06,  2.548846e-04,  -8.828139e-07,  -5.415969e-07,  -8.828139e-07,  2.584823e-04
148,  -1524.509769,  -337.173543,  -368.057597,  0.010923,  0.010740,  0.011233,  0.018996,  2.333916e-04,  2.749331e-06,  6.371036e-07,  2.749331e-06,  2.378859e-04,  1.343572e-06,  6.371036e-07,  1.343572e-06,  2.323992e-04
149,  -1491.276450,  -262.925668,  -368.062257,  0.010715,  0.010723,  0.010424,  0.018397,  2.227542e-04,  4.777733e-06,  1.137551e-06,  4.777733e-06,  2.305454e-04,  2.395267e-06,  1.137551e-06,  2.395267e-06,  2.210555e-04
150,  -1438.745212,  -240.540001,  -368.066947,  0.010480,  0.010631,  0.010404,  0.018196,  2.171507e-04,  5.676305e-06,  1.362785e-06,  5.676305e-06,  2.269023e-04,  2.967110e-06,  1.362785e-06,  2.967110e-06,  2.152560e-04
151,  -1348.803401,  -241.698599,  -368.055727,  0.010034,  0.010596,  0.010436,  0.017940,  2.122935e-04,  6.163887e-06,  1.479180e-06,  6.163887e-06,  2.241537e-04,  3.475674e-06,  1.479180e-06,  3.475674e-06,  2.105043e-04
152,  -1288.762249,  -265.543115,  -368.033149,  0.010134,  0.010507,  0.010112,  0.017758,  2.119156e-04,  5.912970e-06,  1.406415e-06,  5.912970e-06,  2.243475e-04,  3.519059e-06,  1.406415e-06,  3.519059e-06,  2.103894e-04
153,  -1204.647734,  -278.675197,  -368.044036,  0.010772,  0.010683,  0.010097,  0.018224,  2.092767e-04,  5.890939e-06,  1.394433e-06,  5.890939e-06,  2.231758e-04,  3.801526e-06,  1.394433e-06,  3.801526e-06,  2.080157e-04
154,  -1134.753743,  -279.539128,  -368.035940,  0.010580,  0.010751,  0.010089,  0.018147,  2.060982e-04,  5.970716e-06,  1.412853e-06,  5.970716e-06,  2.215712e-04,  4.143172e-06,  1.412853e-06,  4.143172e-06,  2.050425e-04
136,  -2185.763257,  262.178930,  -368.012431,  0.010320,  0.011060,  0.010496,  0.018412,  2.204482e-04,  7.683311e-06,  2.269904e-06,  7.683311e-06,  2.219344e-04,  2.500027e-06,  2.269904e-06,  2.500027e-06,  2.142107e-04
137,  -2144.100836,  359.350018,  -368.037914,  0.009988,  0.010418,  0.009863,  0.017480,  2.098015e-04,  1.063976e-05,  3.290099e-06,  1.063976e-05,  2.113400e-04,  3.536561e-06,  3.290099e-06,  3.536561e-06,  2.009968e-04
138,  -1934.944746,  356.599284,  -368.049731,  0.009754,  0.010338,  0.009605,  0.017154,  1.938730e-04,  1.414194e-05,  4.367393e-06,  1.414194e-05,  1.992160e-04,  5.269658e-06,  4.367393e-06,  5.269658e-06,  1.837799e-04
139,  -1899.956131,  333.216607,  -368.054470,  0.009611,  0.009919,  0.009511,  0.016770,  1.930097e-04,  1.415426e-05,  4.322786e-06,  1.415426e-05,  1.992706e-04,  5.383316e-06,  4.322786e-06,  5.383316e-06,  1.832879e-04
144,  -1515.903761,  328.130865,  -368.053699,  0.009265,  0.009634,  0.008978,  0.016102,  1.659851e-04,  1.766123e-05,  5.380884e-06,  1.766123e-05,  1.835611e-04,  8.687676e-06,  5.380884e-06,  8.687676e-06,  1.576932e-04
145,  -1484.610338,  252.970679,  -367.996907,  0.009316,  0.009845,  0.008894,  0.016211,  1.702220e-04,  1.623774e-05,  4.776854e-06,  1.623774e-05,  1.885560e-04,  8.182269e-06,  4.776854e-06,  8.182269e-06,  1.631494e-04
146,  -1407.061350,  279.059365,  -368.046487,  0.009291,  0.009711,  0.008913,  0.016127,  1.629800e-04,  1.697640e-05,  5.054787e-06,  1.697640e-05,  1.841468e-04,  9.107851e-06,  5.054787e-06,  9.107851e-06,  1.562702e-04
147,  -1357.068912,  278.441654,  -368.046777,  0.009014,  0.009615,  0.008834,  0.015867,  1.598981e-04,  1.700024e-05,  5.060456e-06,  1.700024e-05,  1.828303e-04,  9.517029e-06,  5.060456e-06,  9.517029e-06,  1.536915e-04
174,  -1282.114857,  250.363834,  -368.032419,  0.008934,  0.009528,  0.008947,  0.015832,  1.578450e-04,  1.637152e-05,  4.810716e-06,  1.637152e-05,  1.831743e-04,  9.803582e-06,  4.810716e-06,  9.803582e-06,  1.526921e-04
155,  -1172.568895,  276.018148,  -368.038616,  0.008827,  0.009556,  0.008708,  0.015654,  1.492663e-04,  1.645496e-05,  4.892572e-06,  1.645496e-05,  1.788275e-04,  1.097129e-05,  4.892572e-06,  1.097129e-05,  1.451904e-04
156,  -1122.655878,  275.403191,  -368.038492,  0.008624,  0.009475,  0.008313,  0.015273,  1.466056e-04,  1.613701e-05,  4.796669e-06,  1.613701e-05,  1.779522e-04,  1.134560e-05,  4.796669e-06,  1.134560e-05,  1.431557e-04
158,  233.048652,  -241.599575,  -368.013357,  0.009336,  0.010441,  0.009272,  0.016797,  1.842828e-04,  -4.502746e-06,  -1.080519e-06,  -4.502746e-06,  2.110188e-04,  6.592890e-06,  -1.080519e-06,  6.592890e-06,  1.851269e-04
157,  258.237495,  -349.251839,  -367.999973,  0.009791,  0.010353,  0.009686,  0.017229,  1.985310e-04,  -3.594840e-06,  -8.293686e-07,  -3.594840e-06,  2.195111e-04,  4.978513e-06,  -8.293686e-07,  4.978513e-06,  1.990807e-04
161,  578.687833,  -348.340582,  -368.015170,  0.010235,  0.010472,  0.010155,  0.017819,  2.085646e-04,  -4.739541e-06,  -1.093830e-06,  -4.739541e-06,  2.240673e-04,  3.885750e-06,  -1.093830e-06,  3.885750e-06,  2.081272e-04
224,  231.880206,  208.380980,  -368.055496,  0.008273,  0.009506,  0.008103,  0.014983,  1.332935e-04,  -9.041407e-06,  -2.606963e-06,  -9.041407e-06,  1.775572e-04,  1.327479e-05,  -2.606963e-06,  1.327479e-05,  1.353455e-04
159,  256.471732,  316.050280,  -368.041581,  0.007880,  0.009097,  0.007884,  0.014388,  1.233280e-04,  -1.065006e-05,  -3.226262e-06,  -1.065006e-05,  1.698834e-04,  1.480621e-05,  -3.226262e-06,  1.480621e-05,  1.254927e-04
160,  576.846747,  316.971309,  -368.044068,  0.008074,  0.009117,  0.008214,  0.014690,  1.360757e-04,  -1.565273e-05,  -4.743844e-06,  -1.565273e-05,  1.727495e-04,  1.286404e-05,  -4.743844e-06,  1.286404e-05,  1.342021e-04
162,  1744.091980,  -276.380684,  -368.051591,  0.011750,  0.011943,  0.011209,  0.020158,  2.687914e-04,  5.677572e-06,  1.345099e-06,  5.677572e-06,  2.649553e-04,  -1.874197e-06,  1.345099e-06,  -1.874197e-06,  2.724222e-04
163,  1814.028929,  -275.435284,  -368.063227,  0.011621,  0.011089,  0.012028,  0.020067,  2.739080e-04,  7.218144e-06,  1.710684e-06,  7.218144e-06,  2.695699e-04,  -2.300298e-06,  1.710684e-06,  -2.300298e-06,  2.787308e-04
168,  1957.532094,  -347.055092,  -368.065564,  0.012350,  0.011657,  0.012419,  0.021039,  2.926935e-04,  1.284244e-05,  2.965503e-06,  1.284244e-05,  2.861110e-04,  -3.821341e-06,  2.965503e-06,  -3.821341e-06,  3.017773e-04
169,  2139.457500,  -344.607780,  -368.068548,  0.012134,  0.012631,  0.012751,  0.021664,  3.067008e-04,  1.772589e-05,  4.096765e-06,  1.772589e-05,  3.005743e-04,  -4.865465e-06,  4.096765e-06,  -4.865465e-06,  3.205017e-04
170,  2245.317277,  -257.949450,  -368.069350,  0.012531,  0.012205,  0.012843,  0.021701,  3.059536e-04,  1.809690e-05,  4.316686e-06,  1.809690e-05,  3.024649e-04,  -4.752772e-06,  4.316686e-06,  -4.752772e-06,  3.212563e-04
173,  2340.377304,  -223.484050,  -368.053967,  0.012800,  0.012486,  0.012460,  0.021795,  3.102128e-04,  1.988155e-05,  4.803644e-06,  1.988155e-05,  3.084087e-04,  -5.026533e-06,  4.803644e-06,  -5.026533e-06,  3.279983e-04
172,  2334.489113,  226.432607,  -368.031563,  0.011617,  0.011222,  0.012063,  0.020159,  2.689829e-04,  6.896923e-06,  2.004752e-06,  6.896923e-06,  2.708816e-04,  -1.747702e-06,  2.004752e-06,  -1.747702e-06,  2.763862e-04
171,  2238.566696,  258.020027,  -368.032320,  0.011311,  0.011483,  0.011624,  0.019872,  2.585001e-04,  3.469684e-06,  1.023142e-06,  3.469684e-06,  2.592867e-04,  -9.137265e-07,  1.023142e-06,  -9.137265e-07,  2.621159e-04
167,  2099.994678,  376.524259,  -368.042383,  0.011208,  0.011508,  0.010522,  0.019203,  2.382595e-04,  -2.852964e-06,  -8.895631e-07,  -2.852964e-06,  2.376273e-04,  7.964569e-07,  -8.895631e-07,  7.964569e-07,  2.353213e-04
166,  1978.066224,  374.968975,  -368.047591,  0.010475,  0.010480,  0.010906,  0.018399,  2.284182e-04,  -5.738669e-06,  -1.788008e-06,  -5.738669e-06,  2.277809e-04,  1.691479e-06,  -1.788008e-06,  1.691479e-06,  2.228790e-04
165,  1811.759235,  279.665779,  -368.053566,  0.010410,  0.010367,  0.010225,  0.017900,  2.221893e-04,  -7.277640e-06,  -2.167581e-06,  -7.277640e-06,  2.231908e-04,  2.321851e-06,  -2.167581e-06,  2.321851e-06,  2.160867e-04
164,  1761.805469,  278.869278,  -368.052860,  0.010473,  0.010469,  0.010003,  0.017871,  2.183221e-04,  -8.270488e-06,  -2.462394e-06,  -8.270488e-06,  2.198822e-04,  2.705575e-06,  -2.462394e-06,  2.705575e-06,  2.116005e-04
