1 -2110.6074 116.7223 405.0
2 -1977.4841 -121.5595 405.0
3 -1982.9643 382.2611 166.9869
4 -2107.473 -123.2573 405.0
5 -1860.598 -383.9047 167.0101
6 -1972.9384 -385.3719 166.9869
7 -1980.6185 118.42 405.0
8 -2112.1533 380.5738 166.9869
9 -2102.1274 -387.0592 166.9869
10 -1870.6239 383.7284 167.0101
11 -1557.0544 -109.6012 406.0
12 -1560.0198 117.4463 406.0
13 -1864.1282 -113.6119 406.0
14 -1867.0936 113.4356 406.0
15 -2079.84 -408.9208 -113.5103
16 -2115.4423 402.6835 -69.0
17 -1988.2532 404.3447 -100.5103
18 -1870.9132 405.8773 -112.5965
19 -1972.6492 -407.5208 -113.5103
20 -1860.3087 -406.0535 -112.5965
21 -1347.2001 -292.3428 -28.9289
22 -1553.2349 -402.0429 -112.5965
23 -1563.8394 409.8879 -112.5965
24 -1417.3339 -205.9796 211.1216
25 -1563.5501 387.7391 167.0101
26 -1416.1942 -293.2439 -28.9289
27 -1553.5242 -379.894 167.0101
28 -1424.0039 304.7051 -28.9289
29 -1420.4768 34.6571 299.0
30 -1213.8994 121.9668 406.0
31 -1348.3398 -205.0785 211.1216
32 -1351.4827 35.5582 299.0
33 -1419.7212 -23.1959 299.0
34 -1210.934 -105.0807 406.0
35 -1350.7271 -22.2948 299.0
36 -1422.8549 216.7337 211.8287
37 -1353.87 218.3419 211.1216
38 -1091.3099 123.568 406.0
39 -1088.3445 -103.4795 406.0
40 -1217.4297 392.2596 167.0101
41 -1207.4038 -375.3735 167.0101
42 -1355.0098 305.6062 -28.9289
43 -1084.8142 -373.7723 167.0101
44 -1094.8401 393.8608 167.0101
45 -1095.1294 416.0096 -113.5334
46 -1207.1145 -397.5223 -113.5334
47 -1217.719 414.4085 -113.5334
48 -1084.5249 -395.9212 -112.2615
49 539.0042 -97.3297 406.0
50 295.6051 -96.6592 406.0
51 296.2277 129.3592 406.0
52 539.6268 128.6887 406.0
53 294.859 -367.4978 166.4863
54 540.3729 399.5273 166.4863
55 296.9738 400.1978 166.4863
56 538.2581 -368.1683 166.4863
57 294.798 -389.6485 -113.0096
58 297.0348 422.3485 -113.0096
59 540.4339 421.678 -113.0096
60 538.197 -390.319 -113.0096
61 2154.6144 236.0118 297.7466
62 2134.9543 71.0776 367.0
63 1823.8792 -108.3771 406.0
64 1754.2852 -107.4663 406.0
65 1757.2561 119.5348 406.0
66 1954.9697 73.4331 367.0
67 1953.1376 -66.5549 367.0
68 2148.4591 -234.3027 297.7466
69 1750.7474 -377.7822 166.9869
70 1933.4775 -231.4892 297.7466
71 1760.7939 389.8506 166.9869
72 1939.6328 238.8254 297.7466
73 2133.1222 -68.9104 367.0
74 1826.8501 118.624 406.0
75 1750.4575 -399.9311 -112.2615
76 1820.0516 -400.8419 -112.2615
77 1761.0837 411.9995 -112.2615
78 1820.3415 -378.693 166.9869
79 1830.3879 388.9398 166.9869
80 1941.4684 379.0808 -54.5
81 1830.6778 411.0887 -112.2615
82 1931.6419 -371.7446 -54.5
83 2156.45 376.2673 -54.5
84 2146.6235 -374.5582 -54.5
