zu 4000 1 0.00015
di 4000 1 0.00015
sd 4000 1 0.03903
zu 4000 2 0.00015
di 4000 2 0.00015
sd 4000 2 0.04177
zu 4000 3 0.00015
di 4000 3 0.00015
sd 4000 3 0.03509
zu 4000 4 0.00015
di 4000 4 0.00015
sd 4000 4 0.04238
zu 4000 7 0.00015
di 4000 7 0.00015
sd 4000 7 0.03834
zu 4000 8 0.00015
di 4000 8 0.00015
sd 4000 8 0.03586
zu 4000 10 0.00015
di 4000 10 0.00015
sd 4000 10 0.03453
zu 4000 11 0.00015
di 4000 11 0.00015
sd 4000 11 0.04047
zu 4000 12 0.00015
di 4000 12 0.00015
sd 4000 12 0.03708
zu 4000 13 0.00015
di 4000 13 0.00015
sd 4000 13 0.04123
zu 4000 14 0.00015
di 4000 14 0.00015
sd 4000 14 0.03794
zu 4000 16 0.00015
di 4000 16 0.00015
sd 4000 16 0.03651
zu 4000 17 0.00015
di 4000 17 0.00015
sd 4000 17 0.03594
zu 4000 18 0.00015
di 4000 18 0.00015
sd 4000 18 0.03543
zu 4000 23 0.00015
di 4000 23 0.00015
sd 4000 23 0.03449
zu 4000 25 0.00015
di 4000 25 0.00015
sd 4000 25 0.03356
zu 4000 28 0.00015
di 4000 28 0.00015
sd 4000 28 0.03541
zu 4000 29 0.00015
di 4000 29 0.00015
sd 4000 29 0.03834
zu 4000 30 0.00015
di 4000 30 0.00015
sd 4000 30 0.03705
zu 4000 32 0.00015
di 4000 32 0.00015
sd 4000 32 0.03834
zu 4000 33 0.00015
di 4000 33 0.00015
sd 4000 33 0.03921
zu 4000 34 0.00015
di 4000 34 0.00015
sd 4000 34 0.04044
zu 4000 35 0.00015
di 4000 35 0.00015
sd 4000 35 0.0392
zu 4000 36 0.00015
di 4000 36 0.00015
sd 4000 36 0.03582
zu 4000 37 0.00015
di 4000 37 0.00015
sd 4000 37 0.0358
zu 4000 38 0.00015
di 4000 38 0.00015
sd 4000 38 0.03728
zu 4000 39 0.00015
di 4000 39 0.00015
sd 4000 39 0.04065
zu 4000 40 0.00015
di 4000 40 0.00015
sd 4000 40 0.03352
zu 4000 42 0.00015
di 4000 42 0.00015
sd 4000 42 0.03541
zu 4000 44 0.00015
di 4000 44 0.00015
sd 4000 44 0.03379
zu 4000 45 0.00015
di 4000 45 0.00015
sd 4000 45 0.03472
zu 4000 47 0.00015
di 4000 47 0.00015
sd 4000 47 0.03446
zu 4000 49 0.00015
di 4000 49 0.00015
sd 4000 49 0.05198
zu 4000 50 0.00015
di 4000 50 0.00015
sd 4000 50 0.04952
zu 4000 51 0.00015
di 4000 51 0.00015
sd 4000 51 0.04701
zu 4000 52 0.00015
di 4000 52 0.00015
sd 4000 52 0.04963
zu 4000 53 0.00015
di 4000 53 0.00015
sd 4000 53 0.05296
zu 4000 54 0.00015
di 4000 54 0.00015
sd 4000 54 0.04733
zu 4000 55 0.00015
di 4000 55 0.00015
sd 4000 55 0.04454
zu 4000 58 0.00015
di 4000 58 0.00015
sd 4000 58 0.04518
zu 4000 59 0.00015
di 4000 59 0.00015
sd 4000 59 0.04793
zu 4000 61 0.00015
di 4000 61 0.00015
sd 4000 61 0.06915
zu 4000 62 0.00015
di 4000 62 0.00015
sd 4000 62 0.06993
zu 4000 63 0.00015
di 4000 63 0.00015
sd 4000 63 0.06719
zu 4000 64 0.00015
di 4000 64 0.00015
sd 4000 64 0.0663
zu 4000 65 0.00015
di 4000 65 0.00015
sd 4000 65 0.06459
zu 4000 66 0.00015
di 4000 66 0.00015
sd 4000 66 0.06753
zu 4000 67 0.00015
di 4000 67 0.00015
sd 4000 67 0.06854
zu 4000 69 0.00015
di 4000 69 0.00015
sd 4000 69 0.06873
zu 4000 71 0.00015
di 4000 71 0.00015
sd 4000 71 0.06298
zu 4000 72 0.00015
di 4000 72 0.00015
sd 4000 72 0.06623
zu 4000 73 0.00015
di 4000 73 0.00015
sd 4000 73 0.0709
zu 4000 74 0.00015
di 4000 74 0.00015
sd 4000 74 0.06551
zu 4000 77 0.00015
di 4000 77 0.00015
sd 4000 77 0.06341
zu 4000 78 0.00015
di 4000 78 0.00015
sd 4000 78 0.06959
zu 4000 79 0.00015
di 4000 79 0.00015
sd 4000 79 0.06393
zu 4000 80 0.00015
di 4000 80 0.00015
sd 4000 80 0.06589
zu 4000 81 0.00015
di 4000 81 0.00015
sd 4000 81 0.06434
zu 4000 83 0.00015
di 4000 83 0.00015
sd 4000 83 0.06883
zu 4001 1 0.00015
di 4001 1 0.00015
sd 4001 1 0.04231
zu 4001 2 0.00015
di 4001 2 0.00015
sd 4001 2 0.03828
zu 4001 4 0.00015
di 4001 4 0.00015
sd 4001 4 0.03892
zu 4001 5 0.00015
di 4001 5 0.00015
sd 4001 5 0.03449
zu 4001 6 0.00015
di 4001 6 0.00015
sd 4001 6 0.035
zu 4001 7 0.00015
di 4001 7 0.00015
sd 4001 7 0.04174
zu 4001 9 0.00015
di 4001 9 0.00015
sd 4001 9 0.03571
zu 4001 11 0.00015
di 4001 11 0.00015
sd 4001 11 0.0372
zu 4001 12 0.00015
di 4001 12 0.00015
sd 4001 12 0.04059
zu 4001 13 0.00015
di 4001 13 0.00015
sd 4001 13 0.03792
zu 4001 14 0.00015
di 4001 14 0.00015
sd 4001 14 0.04124
zu 4001 15 0.00015
di 4001 15 0.00015
sd 4001 15 0.03645
zu 4001 19 0.00015
di 4001 19 0.00015
sd 4001 19 0.03588
zu 4001 20 0.00015
di 4001 20 0.00015
sd 4001 20 0.03538
zu 4001 21 0.00015
di 4001 21 0.00015
sd 4001 21 0.0356
zu 4001 22 0.00015
di 4001 22 0.00015
sd 4001 22 0.03458
zu 4001 24 0.00015
di 4001 24 0.00015
sd 4001 24 0.03598
zu 4001 26 0.00015
di 4001 26 0.00015
sd 4001 26 0.03557
zu 4001 27 0.00015
di 4001 27 0.00015
sd 4001 27 0.03366
zu 4001 29 0.00015
di 4001 29 0.00015
sd 4001 29 0.03938
zu 4001 30 0.00015
di 4001 30 0.00015
sd 4001 30 0.04069
zu 4001 31 0.00015
di 4001 31 0.00015
sd 4001 31 0.036
zu 4001 32 0.00015
di 4001 32 0.00015
sd 4001 32 0.0394
zu 4001 33 0.00015
di 4001 33 0.00015
sd 4001 33 0.03851
zu 4001 34 0.00015
di 4001 34 0.00015
sd 4001 34 0.03731
zu 4001 35 0.00015
di 4001 35 0.00015
sd 4001 35 0.03854
zu 4001 38 0.00015
di 4001 38 0.00015
sd 4001 38 0.04094
zu 4001 39 0.00015
di 4001 39 0.00015
sd 4001 39 0.03759
zu 4001 41 0.00015
di 4001 41 0.00015
sd 4001 41 0.03379
zu 4001 43 0.00015
di 4001 43 0.00015
sd 4001 43 0.0341
zu 4001 46 0.00015
di 4001 46 0.00015
sd 4001 46 0.03472
zu 4001 48 0.00015
di 4001 48 0.00015
sd 4001 48 0.03501
zu 4001 49 0.00015
di 4001 49 0.00015
sd 4001 49 0.04994
zu 4001 50 0.00015
di 4001 50 0.00015
sd 4001 50 0.04736
zu 4001 51 0.00015
di 4001 51 0.00015
sd 4001 51 0.0499
zu 4001 52 0.00015
di 4001 52 0.00015
sd 4001 52 0.05232
zu 4001 53 0.00015
di 4001 53 0.00015
sd 4001 53 0.04484
zu 4001 55 0.00015
di 4001 55 0.00015
sd 4001 55 0.05337
zu 4001 56 0.00015
di 4001 56 0.00015
sd 4001 56 0.04759
zu 4001 57 0.00015
di 4001 57 0.00015
sd 4001 57 0.04547
zu 4001 60 0.00015
di 4001 60 0.00015
sd 4001 60 0.04818
zu 4001 62 0.00015
di 4001 62 0.00015
sd 4001 62 0.07094
zu 4001 63 0.00015
di 4001 63 0.00015
sd 4001 63 0.06554
zu 4001 64 0.00015
di 4001 64 0.00015
sd 4001 64 0.06464
zu 4001 65 0.00015
di 4001 65 0.00015
sd 4001 65 0.06644
zu 4001 66 0.00015
di 4001 66 0.00015
sd 4001 66 0.06862
zu 4001 67 0.00015
di 4001 67 0.00015
sd 4001 67 0.06756
zu 4001 68 0.00015
di 4001 68 0.00015
sd 4001 68 0.06908
zu 4001 69 0.00015
di 4001 69 0.00015
sd 4001 69 0.06293
zu 4001 70 0.00015
di 4001 70 0.00015
sd 4001 70 0.0662
zu 4001 71 0.00015
di 4001 71 0.00015
sd 4001 71 0.06896
zu 4001 73 0.00015
di 4001 73 0.00015
sd 4001 73 0.06992
zu 4001 74 0.00015
di 4001 74 0.00015
sd 4001 74 0.06731
zu 4001 75 0.00015
di 4001 75 0.00015
sd 4001 75 0.06334
zu 4001 76 0.00015
di 4001 76 0.00015
sd 4001 76 0.06426
zu 4001 78 0.00015
di 4001 78 0.00015
sd 4001 78 0.06386
zu 4001 79 0.00015
di 4001 79 0.00015
sd 4001 79 0.0698
zu 4001 82 0.00015
di 4001 82 0.00015
sd 4001 82 0.06581
zu 4001 84 0.00015
di 4001 84 0.00015
sd 4001 84 0.06871
zu 4002 1 0.00015
di 4002 1 0.00015
sd 4002 1 0.07743
zu 4002 2 0.00015
di 4002 2 0.00015
sd 4002 2 0.07714
zu 4002 3 0.00015
di 4002 3 0.00015
sd 4002 3 0.07433
zu 4002 4 0.00015
di 4002 4 0.00015
sd 4002 4 0.0789
zu 4002 7 0.00015
di 4002 7 0.00015
sd 4002 7 0.07563
zu 4002 8 0.00015
di 4002 8 0.00015
sd 4002 8 0.07615
zu 4002 10 0.00015
di 4002 10 0.00015
sd 4002 10 0.07276
zu 4002 11 0.00015
di 4002 11 0.00015
sd 4002 11 0.0715
zu 4002 12 0.00015
di 4002 12 0.00015
sd 4002 12 0.06994
zu 4002 13 0.00015
di 4002 13 0.00015
sd 4002 13 0.07558
zu 4002 14 0.00015
di 4002 14 0.00015
sd 4002 14 0.07411
zu 4002 16 0.00015
di 4002 16 0.00015
sd 4002 16 0.07644
zu 4002 17 0.00015
di 4002 17 0.00015
sd 4002 17 0.07472
zu 4002 18 0.00015
di 4002 18 0.00015
sd 4002 18 0.07311
zu 4002 23 0.00015
di 4002 23 0.00015
sd 4002 23 0.06887
zu 4002 24 0.00015
di 4002 24 0.00015
sd 4002 24 0.07057
zu 4002 25 0.00015
di 4002 25 0.00015
sd 4002 25 0.06848
zu 4002 28 0.00015
di 4002 28 0.00015
sd 4002 28 0.06741
zu 4002 30 0.00015
di 4002 30 0.00015
sd 4002 30 0.06531
zu 4002 34 0.00015
di 4002 34 0.00015
sd 4002 34 0.067
zu 4002 36 0.00015
di 4002 36 0.00015
sd 4002 36 0.06758
zu 4002 37 0.00015
di 4002 37 0.00015
sd 4002 37 0.06664
zu 4002 38 0.00015
di 4002 38 0.00015
sd 4002 38 0.0637
zu 4002 39 0.00015
di 4002 39 0.00015
sd 4002 39 0.06544
zu 4002 40 0.00015
di 4002 40 0.00015
sd 4002 40 0.06373
zu 4002 42 0.00015
di 4002 42 0.00015
sd 4002 42 0.06648
zu 4002 43 0.00015
di 4002 43 0.00015
sd 4002 43 0.0679
zu 4002 44 0.00015
di 4002 44 0.00015
sd 4002 44 0.06207
zu 4002 45 0.00015
di 4002 45 0.00015
sd 4002 45 0.0625
zu 4002 47 0.00015
di 4002 47 0.00015
sd 4002 47 0.06415
zu 4002 49 0.00015
di 4002 49 0.00015
sd 4002 49 0.04735
zu 4002 50 0.00015
di 4002 50 0.00015
sd 4002 50 0.0496
zu 4002 51 0.00015
di 4002 51 0.00015
sd 4002 51 0.04709
zu 4002 52 0.00015
di 4002 52 0.00015
sd 4002 52 0.04466
zu 4002 54 0.00015
di 4002 54 0.00015
sd 4002 54 0.042
zu 4002 55 0.00015
di 4002 55 0.00015
sd 4002 55 0.04461
zu 4002 56 0.00015
di 4002 56 0.00015
sd 4002 56 0.05098
zu 4002 58 0.00015
di 4002 58 0.00015
sd 4002 58 0.04525
zu 4002 59 0.00015
di 4002 59 0.00015
sd 4002 59 0.04269
zu 4002 61 0.00015
di 4002 61 0.00015
sd 4002 61 0.03545
zu 4002 62 0.00015
di 4002 62 0.00015
sd 4002 62 0.03778
zu 4002 63 0.00015
di 4002 63 0.00015
sd 4002 63 0.04047
zu 4002 64 0.00015
di 4002 64 0.00015
sd 4002 64 0.04057
zu 4002 65 0.00015
di 4002 65 0.00015
sd 4002 65 0.03719
zu 4002 66 0.00015
di 4002 66 0.00015
sd 4002 66 0.03768
zu 4002 67 0.00015
di 4002 67 0.00015
sd 4002 67 0.03977
zu 4002 71 0.00015
di 4002 71 0.00015
sd 4002 71 0.03367
zu 4002 72 0.00015
di 4002 72 0.00015
sd 4002 72 0.03532
zu 4002 73 0.00015
di 4002 73 0.00015
sd 4002 73 0.03987
zu 4002 74 0.00015
di 4002 74 0.00015
sd 4002 74 0.03708
zu 4002 77 0.00015
di 4002 77 0.00015
sd 4002 77 0.0346
zu 4002 79 0.00015
di 4002 79 0.00015
sd 4002 79 0.03355
zu 4002 80 0.00015
di 4002 80 0.00015
sd 4002 80 0.0345
zu 4002 81 0.00015
di 4002 81 0.00015
sd 4002 81 0.03448
zu 4002 83 0.00015
di 4002 83 0.00015
sd 4002 83 0.03464
zu 4003 1 0.00015
di 4003 1 0.00015
sd 4003 1 0.0789
zu 4003 2 0.00015
di 4003 2 0.00015
sd 4003 2 0.07557
zu 4003 4 0.00015
di 4003 4 0.00015
sd 4003 4 0.07734
zu 4003 5 0.00015
di 4003 5 0.00015
sd 4003 5 0.07261
zu 4003 6 0.00015
di 4003 6 0.00015
sd 4003 6 0.07417
zu 4003 7 0.00015
di 4003 7 0.00015
sd 4003 7 0.07716
zu 4003 9 0.00015
di 4003 9 0.00015
sd 4003 9 0.07597
zu 4003 11 0.00015
di 4003 11 0.00015
sd 4003 11 0.06995
zu 4003 12 0.00015
di 4003 12 0.00015
sd 4003 12 0.07159
zu 4003 13 0.00015
di 4003 13 0.00015
sd 4003 13 0.07407
zu 4003 14 0.00015
di 4003 14 0.00015
sd 4003 14 0.07561
zu 4003 15 0.00015
di 4003 15 0.00015
sd 4003 15 0.076
zu 4003 19 0.00015
di 4003 19 0.00015
sd 4003 19 0.07452
zu 4003 20 0.00015
di 4003 20 0.00015
sd 4003 20 0.07297
zu 4003 21 0.00015
di 4003 21 0.00015
sd 4003 21 0.06646
zu 4003 22 0.00015
di 4003 22 0.00015
sd 4003 22 0.06877
zu 4003 24 0.00015
di 4003 24 0.00015
sd 4003 24 0.06758
zu 4003 26 0.00015
di 4003 26 0.00015
sd 4003 26 0.06738
zu 4003 27 0.00015
di 4003 27 0.00015
sd 4003 27 0.06839
zu 4003 30 0.00015
di 4003 30 0.00015
sd 4003 30 0.06717
zu 4003 31 0.00015
di 4003 31 0.00015
sd 4003 31 0.06666
zu 4003 34 0.00015
di 4003 34 0.00015
sd 4003 34 0.0654
zu 4003 36 0.00015
di 4003 36 0.00015
sd 4003 36 0.07072
zu 4003 38 0.00015
di 4003 38 0.00015
sd 4003 38 0.06564
zu 4003 39 0.00015
di 4003 39 0.00015
sd 4003 39 0.06381
zu 4003 41 0.00015
di 4003 41 0.00015
sd 4003 41 0.0637
zu 4003 43 0.00015
di 4003 43 0.00015
sd 4003 43 0.06207
zu 4003 44 0.00015
di 4003 44 0.00015
sd 4003 44 0.0682
zu 4003 46 0.00015
di 4003 46 0.00015
sd 4003 46 0.06412
zu 4003 48 0.00015
di 4003 48 0.00015
sd 4003 48 0.06249
zu 4003 49 0.00015
di 4003 49 0.00015
sd 4003 49 0.04503
zu 4003 50 0.00015
di 4003 50 0.00015
sd 4003 50 0.04745
zu 4003 51 0.00015
di 4003 51 0.00015
sd 4003 51 0.04997
zu 4003 52 0.00015
di 4003 52 0.00015
sd 4003 52 0.04772
zu 4003 53 0.00015
di 4003 53 0.00015
sd 4003 53 0.04495
zu 4003 54 0.00015
di 4003 54 0.00015
sd 4003 54 0.05136
zu 4003 56 0.00015
di 4003 56 0.00015
sd 4003 56 0.04235
zu 4003 57 0.00015
di 4003 57 0.00015
sd 4003 57 0.04558
zu 4003 60 0.00015
di 4003 60 0.00015
sd 4003 60 0.04304
zu 4003 62 0.00015
di 4003 62 0.00015
sd 4003 62 0.0399
zu 4003 63 0.00015
di 4003 63 0.00015
sd 4003 63 0.03724
zu 4003 64 0.00015
di 4003 64 0.00015
sd 4003 64 0.03738
zu 4003 65 0.00015
di 4003 65 0.00015
sd 4003 65 0.04074
zu 4003 66 0.00015
di 4003 66 0.00015
sd 4003 66 0.03988
zu 4003 67 0.00015
di 4003 67 0.00015
sd 4003 67 0.03778
zu 4003 68 0.00015
di 4003 68 0.00015
sd 4003 68 0.03547
zu 4003 69 0.00015
di 4003 69 0.00015
sd 4003 69 0.03387
zu 4003 70 0.00015
di 4003 70 0.00015
sd 4003 70 0.03543
zu 4003 73 0.00015
di 4003 73 0.00015
sd 4003 73 0.03781
zu 4003 74 0.00015
di 4003 74 0.00015
sd 4003 74 0.04062
zu 4003 75 0.00015
di 4003 75 0.00015
sd 4003 75 0.03479
zu 4003 76 0.00015
di 4003 76 0.00015
sd 4003 76 0.03464
zu 4003 78 0.00015
di 4003 78 0.00015
sd 4003 78 0.03371
zu 4003 82 0.00015
di 4003 82 0.00015
sd 4003 82 0.03461
zu 4003 84 0.00015
di 4003 84 0.00015
sd 4003 84 0.03465